0 0 0
-1224.0 129.0 -75.0
-1315.0 -1101.0 -76.0
-1195.0 1306.0 -26.0
-1215.0 2542.0 31.0
-71.0 2457.0 -92.0
-85.0 2423.0 -1263.0
1120.0 2436.0 -1288.0
-1301.0 1160.0 1257.0
-2467.0 1223.0 -47.0
-2452.0 1184.0 -1288.0
-1342.0 2346.0 -1176.0
-3684.0 1322.0 75.0
-1187.0 2418.0 1161.0
-1273.0 3668.0 -1161.0
-2495.0 3697.0 -1224.0
-2371.0 1314.0 -2479.0
-3688.0 2399.0 -1283.0
-4854.0 2399.0 -1178.0
-1270.0 2426.0 2430.0
-1244.0 3647.0 -74.0
-3754.0 3674.0 -1246.0
-4961.0 3567.0 -1140.0
-3587.0 2513.0 -104.0
-3757.0 3636.0 29.0
-2547.0 3702.0 -53.0
-4878.0 3698.0 -105.0
-1290.0 2405.0 3588.0
-2538.0 3721.0 1107.0